harm 0 50.7315 192.105 3 3 0.0399033 0.948132 0.639941
geom 0.0613403 60.5368 205.974 7 2 0.0415632 1.5261 0.558252
rand 14.1083 76.6135 184.231 8 2 0.00583151 0.694085 0.55166
rand 20.7761 77.9425 119.708 6 4 0.0368827 0.231675 0.895435
rand 31.3165 85.5826 111.817 2 2 0.00724762 0.942523 0.304297
geom 37.0844 67.2003 157.028 8 3 0.0385635 1.51807 0.276855
harm 66.0471 60.7916 200.419 2 4 0.0172501 1.03368 0.771191
rand 79.0375 83.0573 190.003 3 2 0.0146018 0.592776 0.562305
rand 87.8036 76.1496 216.967 9 3 0.0209915 0.591526 0.106299
harm 108.754 80.773 213.925 5 4 0.00117795 1.21884 0.550464
geom 123.332 44.2191 136.055 3 4 0.0020946 1.28335 0.741016
rand 130.983 41.796 92.3816 2 3 0.0328452 0.859683 0.172168
harm 145.192 72.3074 146.599 4 4 0.0326568 0.707825 0.616626
rand 164.318 65.0259 180.309 2 4 0.0400858 0.65223 0.761182
rand 193.012 83.6539 82.1619 2 2 0.00950861 0.254789 0.886108
rand 193.231 42.0935 98.2477 8 3 0.00712051 0.572921 0.427905
harm 216.428 77.9684 167.453 7 2 0.0486063 1.65609 0.120483
rand 235.344 47.3257 129.475 9 3 0.0405957 0.495187 0.612549
geom 238.852 46.4865 204.012 2 4 0.00847681 1.38584 0.47085
rand 260.6 43.4637 107.365 7 4 0.0228039 0.901674 0.665063
rand 262.024 65.0183 117.568 5 3 0.0143446 0.91615 0.587915
rand 276.918 48.4198 179.147 7 2 0.00469504 0.797485 0.159253
rand 278.739 46.1508 102.922 7 3 0.00694855 0.75373 0.435498
geom 303.836 47.2739 210.293 4 4 0.0320587 1.42192 0.282227
rand 316.221 67.0386 189.918 7 3 0.0341492 0.420278 0.337012
harm 336.62 76.0626 92.4799 5 4 0.0140186 0.729614 0.274536
rand 338.618 65.4883 86.3361 9 2 0.00520047 0.872639 0.586743
geom 341.903 45.1926 137.87 9 2 0.0043212 1.49038 0.240625
harm 354.772 80.2145 107.25 8 2 0.0257333 0.822961 0.897119
harm 376.705 80.834 113.607 9 2 0.0124276 1.3699 0.301733
