rand 0 51.6684 92.6636 3 4 0.00282135 0.337112 0.388574
rand 23.0695 77.8479 138.806 3 3 0.0404342 0.430273 0.65437
geom 37.1539 87.9477 147.424 2 2 0.00302621 1.72627 0.483301
rand 46.5125 52.561 90.8008 8 3 0.0330994 0.313184 0.205957
geom 65.7587 40.6058 179.647 9 2 0.0144119 1.17361 0.655103
harm 67.6474 74.8206 127.548 2 2 0.00359296 1.65811 0.266992
geom 77.5342 74.6619 195.228 5 3 0.00656573 1.57869 0.696362
rand 89.577 49.7412 194.301 3 3 0.0352318 0.453577 0.716626
geom 117.372 49.3887 133.141 2 2 0.0207178 1.56394 0.481299
rand 146.949 57.7429 105.378 8 4 0.0308639 0.323641 0.718799
harm 149.213 74.8694 191.887 2 2 0.0283846 0.997314 0.832861
rand 167.346 48.5693 144.322 3 2 0.048856 0.975116 0.192334
geom 191.468 50.82 192.631 9 2 0.0071265 1.57192 0.466772
harm 210.417 52.7151 87.1179 2 4 0.0124171 0.763745 0.268164
rand 220.709 51.8103 126.976 3 2 0.0257183 0.757532 0.826343
harm 236.492 84.838 114.611 6 4 0.00897925 1.55304 0.569043
geom 244.668 40.0916 213.732 6 3 0.0491686 1.44019 0.192969
rand 251.559 52.471 109.019 3 3 0.00213947 0.748813 0.120068
harm 260.968 51.7798 81.9867 4 3 0.0204532 1.32643 0.832104
geom 268.74 42.4887 126.51 6 4 0.0325626 1.21765 0.642627
geom 268.93 51.6791 140.25 9 3 0.0477121 1.04653 0.143555
rand 280.984 63.0133 177.04 2 2 0.0230207 0.687974 0.849756
harm 306.196 76.5143 92.7191 7 4 0.0386293 1.06927 0.848315
harm 331.794 77.8296 136.341 3 2 0.024036 1.57882 0.623291
geom 356.682 66.8661 186.901 6 2 0.0215911 1.73567 0.561108
geom 378.739 76.0596 198.847 7 3 0.0368363 1.27561 0.5302
harm 378.945 66.4557 139.289 8 3 0.0394278 1.47808 0.798926
harm 385.637 70.1193 181.142 5 4 0.008737 0.853174 0.605518
harm 407.427 50.2051 126.86 5 4 0.0494647 1.2879 0.38667
geom 418.02 48.7006 219.5 8 2 0.0329948 1.17783 0.232544
harm 433.22 66.2512 138.464 7 2 0.0197758 0.55094 0.24917
harm 445.084 81.7618 99.0125 4 3 0.036129 1.1769 0.180322
rand 467.606 48.4946 147.394 4 3 0.0194722 0.513983 0.255347
geom 470.533 85.3232 183.146 4 3 0.00162955 1.04695 0.690063
rand 481.534 43.1891 92.7533 6 4 0.0158714 0.954447 0.422583
rand 492.969 81.1652 212.805 5 3 0.00216638 0.512108 0.604883
rand 498.572 78.7558 174.404 7 3 0.0348849 0.316986 0.6927
harm 528.441 77.7869 100.2 6 4 0.00751978 1.00424 0.595093
harm 544.376 63.877 132.03 7 3 0.0282918 1.38352 0.391943
harm 550.539 44.4281 175.814 8 4 0.0335226 1.46815 0.121826
rand 570.527 85.6635 153.948 9 2 0.0405897 0.8159 0.591797
geom 580.708 50.3439 156.567 4 3 0.0261953 1.30571 0.655981
harm 582.643 77.0605 108.442 2 3 0.0369485 0.507617 0.267676
harm 596.239 47.164 146.027 7 2 0.00823456 0.727234 0.525513
harm 606.671 73.1375 217.894 4 3 0.0447139 0.563318 0.559741
harm 620.454 81.4261 154.255 2 3 0.0337589 1.3955 0.417798
harm 622.161 56.7053 132.684 4 3 0.0465756 0.53479 0.890576
rand 635.448 72.5516 150.248 6 3 0.0426189 0.613608 0.842749
geom 657.205 88.1766 83.7128 4 3 0.00428381 1.12349 0.250586
rand 683.582 64.1791 203.692 6 2 0.0494841 0.155598 0.244141
