harm 0 88.8861 98.6578 6 4 0.00669882 1.44417 0.145825
rand 22.3526 82.6025 81.6064 8 4 0.00814932 0.151388 0.304663
rand 47.9333 42.6688 152.427 4 2 0.0317431 0.988723 0.678809
geom 53.6774 73.1726 140.87 9 4 0.047102 1.48511 0.625684
geom 61.2973 69.66 91.9159 7 3 0.0434309 1.04006 0.201758
geom 63.3591 89.4293 206.311 8 2 0.0138526 1.43206 0.751489
harm 70.6219 44.0024 181.185 6 4 0.036144 1.16171 0.186597
rand 96.4828 67.8564 88.3868 9 4 0.0278343 0.371606 0.428735
geom 104.915 49.2773 214.971 7 3 0.0148814 1.77053 0.335645
rand 130.857 41.3733 100.486 8 4 0.0293864 0.865305 0.687866
