;design start   dur f0          partials    thickness   spread  coeff   slope

harm     0     60  315.344   2           7           .004     1.342    .9
harm     0     60  309.344   2           7           .004     1.342    .8

harm     15    75  300       2           7           .004     1.342    .6
harm     15    75  292      2           7           .004     1.342    .5

harm     25    65  215       2           7           .004     1.342    .8
harm     25    65  198      2           7           .004     1.342    .9

harm     35    55  175       2           7           .004     1.342    .8
harm     35    55  148      2           7           .004     1.342    .7

harm     40    45  115       2           7           .004     1.342    .8
harm     40    45  108      2           7           .004     1.342    .7

harm     45    55  115       3           7           .004     1.242    .8
harm     45    55  108      3           7           .004     1.242    .7

harm     50    65  97       4           7           .004     1.142    .8
harm     50    65  94      4          7           .004     1.142    .7

harm     55    75  87       5           7           .004     1.042    .8
harm     55    75  79      5           7           .004     1.042    .7

