;design start   dur f0          partials    thickness   spread  coeff   slope

harm     15    75  432		    2           6           .003     1.002    .6
harm     15    75  413		    3           3           .003     1.004    .5

harm     25    65  315		    4           2           .004     1.008    .8
harm     25    65  298			4           3           .004     1.007    .9

harm     35    55  231			2           7           .001     1.01     .8
harm     35    55  201		    2           7           .005     1.005    .7

harm     40    45  108		    2           5           .001     1.013    .8
harm     40    45  94		    2           5           .002     1.007    .7

harm     50    55  55		    3           4           .004     1.014    .8
harm     50    55  51		    2           2           .006     1.009    .7

harm     60    65  27.5		    2           4           .001     1.001    .8
harm     60    65  23.7		    2           6           .001     1.001    .7

